Generating numbers from 0 to 100...Done.
 0 |      28      64       3      41      72      52      90      72      42      80 
 1 |      11      67      11      31      41      86      51      53      54      11 
 2 |      14      79      43      83      12      33      31      86      59      83 
 3 |      64      39      47      67      80      19      20      23      43      62 
 4 |       3       6      29      14      38      70      52      89      76       7 
 5 |       0      42      38      95      26       2      29      57      41      40 
 6 |      40       5      80      39      72      12      10      92      35       5 
 7 |       6      38      11      88       5       1      10      57      42      86 
 8 |      16      42      29      55      38       7      57      19      64      98 
 9 |      59      56       3      91      47      28      56       9      72      91 
encontrei: 10
 